713360856
504371879
713360856
504371879
504371879
713360856
585495379
713360856
585495379
645235481
585495379
585495379
504371879
713360856
713360856
774857168
713360856
774857168
774857168
835702082
774857168
774857168
713360856
774857168
713360856
774857168
585495379
713360856
713360856
504371879
504371879
504371879
504371879
373222496
645235481
645235481
645235481
645235481
645235481
585495379
585495379
585495379
585495379
442833036
442833036
407770698
835702082
585495379
592168868
585495379
585495379
437409657
437409657
437409657
487275085
487275085
504371879
370153954
504371879
370153954
504371879
774857168
713360856
835702082
774857168
774857168
713360856
713360856
713360856
407770698
442833036
442833036
585495379
585495379
601424098
585495379
585495379
487275085
585495379
585495379
585495379
585495379
585495379
487275085
585495379
487275085
585495379
585495379
585495379
585495379
592168868
585495379
585495379
487275085
487275085
462618151
487275085
487275085
487275085
462618151
462618151
437409657
437409657
389895336
389895336
354611097
354611097
354611097
354611097
349759888
354611097
354611097
389895336
389895336
389895336
389895336
487275085
487275085
487275085
585495379
585495379
592168868
487275085
585495379
585495379
585495379
585495379
592168868
585495379
592168868
585495379
585495379
563205971
370153954
504371879
504371879
517862378
504371879
370153954
504371879
504371879
504371879
504371879
504371879
504371879
510497103
510497103
510497103
504371879
510497103
504371879
504371879
389895336
389895336
389895336
409490874
409490874
437409657
409490874
409490874
389895336
389895336
389895336
409490874
409490874
437409657
409490874
409490874
409490874
409490874
409490874
437409657
437409657
462618151
601424098
585495379
601424098
585495379
504371879
504371879
243443172
504371879
713360856
765894152
765894152
765894152
409490874
437409657
437409657
462618151
437409657
462618151
462618151
462618151
437409657
462618151
437409657
437409657
409490874
437409657
409490874
437409657
437409657
462618151
585495379
585495379
487275085
487275085
437409657
585495379
585495379
487275085
585495379
487275085
585495379
487275085
487275085
487275085
542680326
542680326
585495379
585495379
585495379
585495379
585495379
585495379
585495379
553229018
585495379
553229018
553229018
551305593
551305593
542680326
542680326
542680326
545377892
545377892
551305593
551305593
551305593
545377892
545377892
545377892
545377892
542680326
713360856
713360856
634544758
634544758
582848168
585495379
542680326
585495379
585495379
592168868
585495379
585495379
560769871
560769871
487275085
560769871
560769871
560769871
539623859
539623859
487275085
539623859
539623859
560769871
539623859
560769871
560769871
560769871
560769871
585495379
585495379
585495379
560769871
585495379
560769871
560769871
539623859
539623859
487275085
545377892
551305593
560769871
487275085
487275085
486307023
487275085
486307023
486307023
486307023
486307023
486307023
486307023
585495379
601424098
585495379
585495379
442833036
442833036
582848168
582848168
582848168
582848168
504371879
582848168
582848168
582848168
582848168
634544758
582848168
634544758
600605005
634544758
600605005
600605005
600605005
487275085
486307023
486307023
486307023
486307023
437409657
437409657
435557655
435557655
435557655
437409657
437409657
486307023
437409657
486307023
486307023
487275085
486307023
487275085
487275085
525737267
525737267
525737267
487275085
487275085
487275085
525737267
713360856
835662359
487275085
585495379
580364633
580364633
487275085
579563382
487275085
579563382
579563382
579563382
579563382
579563382
487275085
487275085
462618151
462618151
462618151
462618151
453437429
462618151
453437429
453437429
439737542
409490874
409490874
398782553
585495379
560769871
585495379
560769871
560769871
539623859
560769871
560769871
560769871
539623859
560769871
560769871
560769871
585495379
592168868
592168868
645235481
634209463
634209463
634209463
560769871
585495379
774857168
442833036
421833631
421833631
421833631
421833631
421833631
421833631
421833631
421833631
407770698
407770698
407770698
579563382
579563382
580364633
580364633
580364633
579563382
580364633
409490874
437409657
409490874
437409657
437409657
437409657
437409657
437409657
437409657
462618151
504371879
585495379
442833036
585495379
585495379
585495379
442833036
467511183
467511183
585495379
467511183
467511183
442833036
467511183
442833036
467511183
442833036
442833036
442833036
442833036
442833036
442833036
435782850
713360856
713360856
653786269
653786269
653786269
653786269
653786269
702994636
653786269
702994636
653786269
653786269
505995123
653786269
373222496
438676003
438676003
438676003
438676003
504371879
504371879
560207176
531567643
560207176
531567643
560207176
560207176
623534128
560207176
560207176
560207176
623534128
623534128
623534128
560207176
560207176
531567643
560207176
560207176
560207176
560207176
560207176
560207176
560207176
531567643
531567643
531567643
560207176
531567643
534534923
531567643
534534923
531567643
531567643
505948377
505948377
580364633
713360856
421833631
421833631
442833036
442833036
442833036
442833036
442833036
421833631
421833631
407770698
407770698
407770698
407770698
407770698
421833631
407770698
421833631
407770698
421833631
421833631
442833036
442833036
442833036
442833036
469697393
469697393
469697393
469697393
469697393
442833036
582848168
582848168
545377892
551305593
442833036
487275085
585495379
487275085
585495379
585495379
585495379
487275085
585495379
487275085
487275085
487275085
493030730
487275085
493030730
493030730
560207176
531567643
531567643
504371879
531567643
531567643
531567643
504371879
531567643
531567643
531567643
531567643
560207176
531567643
560207176
560769871
560769871
560769871
560769871
560769871
539623859
560769871
560769871
585495379
560769871
560769871
560769871
560769871
539623859
560769871
539623859
560769871
560769871
585495379
585495379
409490874
437409657
409490874
409490874
389895336
409490874
437409657
421833631
560769871
560769871
560769871
539623859
539623859
487275085
487275085
486307023
486307023
486307023
653786269
653786269
631694128
653786269
653786269
653786269
631694128
653786269
631694128
631694128
601504460
631694128
601504460
631694128
631694128
631694128
631694128
531567643
504371879
504371879
517862378
517862378
566946315
582848168
582848168
504371879
551305593
545377892
545377892
542680326
545377892
542680326
545377892
542680326
542680326
542680326
542680326
542044276
542680326
542680326
542680326
542680326
545377892
542680326
542680326
542680326
542680326
542044276
531567643
531567643
531567643
560207176
531567643
531567643
539623859
560207176
560207176
560207176
560207176
573219824
573219824
573219824
573219824
598537387
598537387
609639806
609639806
609931624
609639806
609931624
504371879
437409657
409490874
409490874
409490874
560769871
539623859
539623859
524066189
539623859
487275085
493030730
585495379
585495379
472318153
585495379
472318153
472318153
472318153
442833036
540558453
442833036
540558453
540558453
585495379
585495379
585495379
317577618
585495379
317577618
317577618
317577618
415458484
317577618
437409657
462618151
462618151
487275085
560207176
560207176
560207176
601874121
560207176
601874121
560207176
601874121
601874121
623534128
601874121
601874121
601874121
542680326
542680326
542680326
585495379
542680326
585495379
542680326
585495379
585495379
585495379
571198869
585495379
585495379
585495379
571198869
585495379
585495379
531567643
531567643
505948377
505948377
504371879
505948377
504371879
504371879
438676003
243443172
504371879
243443172
560769871
585495379
585495379
585495379
560769871
487275085
487275085
487275085
487275085
487275085
486307023
486307023
486307023
487275085
486307023
486307023
713360856
713360856
538272926
613957876
613957876
613957876
613957876
551305593
542680326
551305593
551305593
553229018
553229018
553229018
553229018
553229018
553229018
585495379
560207176
531567643
560207176
560207176
573219824
560207176
573219824
573219824
591515560
573219824
591515560
573219824
573219824
573219824
591515560
573219824
573219824
560207176
560207176
543150424
560207176
560207176
560207176
543150424
543150424
543150424
713360856
713360856
689829091
689829091
504371879
774857168
713360856
713360856
504371879
504371879
444370301
504371879
444370301
504371879
505948377
505948377
531567643
531567643
560207176
531567643
560207176
531567643
560207176
531567643
560207176
560207176
560207176
560207176
560207176
531567643
487275085
487275085
487275085
487275085
487275085
487275085
487275085
487275085
525737267
525737267
525737267
525737267
535371818
535371818
535371818
525737267
525737267
487275085
525737267
525737267
535371818
535371818
535371818
525737267
525737267
487275085
525737267
487275085
525737267
525737267
525737267
525737267
535371818
535371818
547440323
547440323
560769871
560207176
531567643
560207176
517862378
517862378
373222496
373222496
373222496
373222496
370153954
373222496
373222496
373222496
373222496
504371879
504371879
629342606
629342606
629342606
504371879
629342606
610066920
610066920
504371879
462618151
437409657
462618151
437409657
437409657
409490874
437409657
409490874
437409657
409490874
409490874
409490874
437409657
437409657
437409657
437409657
437409657
409490874
409490874
389895336
389895336
573219824
504371879
504371879
504371879
504371879
504371879
560769871
547440323
560769871
547440323
547440323
547440323
560769871
560769871
581353501
560769871
407770698
421833631
601504460
585495379
585495379
585495379
560769871
585495379
585495379
442833036
504769526
504769526
585495379
504769526
504769526
442833036
442833036
407770698
442833036
407770698
407770698
406991953
407770698
406991953
407770698
406991953
406991953
405316527
405316527
397406712
397406712
397406712
397406712
397406712
405316527
405316527
406991953
405316527
406991953
406991953
407770698
407770698
407770698
407770698
407770698
406991953
407770698
406991953
407770698
407770698
