1000
713360856
504371879
876075923
198179782
214869317
-5
585495379
736967673
214068304
645235481
173489250
100664808
-9
867090021
944226256
774857168
25889542
952790666
835702082
865402839
370153954
191213029
356793026
895498260
413535326
818378011
-20
-5
321685155
75745483
211445586
878254019
262395799
373222496
-25
686074674
268244352
785209445
406991953
170975584
407770698
886813934
442833036
381143649
75122056
342604324
-27
-37
592168868
354611097
437409657
281839821
235369270
664662463
487275085
699355303
-26
88484863
517862378
208663362
691375299
-46
539567212
-17
4261445
182484739
258972392
671709548
930629761
-24
804678589
725425777
601424098
708466471
723131785
580520665
372448452
-22
823746931
683581635
389895336
849922589
341357507
462618151
785629565
290520434
833192474
659129394
130563698
966873576
630903580
15778166
349759888
38498127
134436142
290830568
704394506
774700284
104575730
191873115
84470087
184724230
88414306
47585386
320497652
166545581
290880951
780002482
61493425
151784255
849842875
733122789
577412992
409490874
378716433
835116798
-20
985790419
-21
842681276
982097409
674864856
-67
818280212
805025681
237502126
997002125
781829257
83330618
917409571
563205971
328573113
507804995
-74
808308027
768546423
690029395
421696096
-81
510497103
695008248
95305911
695783723
90169428
915430543
772947382
550470587
279129160
255233981
804958130
314421367
407756014
-39
58707199
650511211
531723004
790381605
572041795
165629965
104852223
299285719
247203600
753009744
943756927
686280656
622011015
32750230
318168205
985045693
221310196
538447010
727254684
632150805
534486029
-100
509655063
709165807
105482258
-177
112453160
243443172
924911212
-120
765894152
909102242
386383514
-20
768902881
879426699
630401354
362602384
808536808
673399194
305916422
240876313
886219959
64664460
41468608
70585991
686768821
262177909
772125621
563100507
997810198
-125
371250977
131078995
102784174
5083387
-129
-130
-94
992178081
95290291
973492638
73191277
320515036
542680326
782334647
964259514
799486864
942104079
365823168
987178322
204337393
998499095
553229018
219440478
662168003
200878423
479320682
551305593
226784905
352005027
78054367
871760763
545377892
580471291
669041493
828252285
44602443
234933576
490830695
898389703
527504675
433644813
-219
217717691
634544758
582848168
457573232
-27
50262174
-130
663182442
766997275
560769871
435557655
143378448
486307023
458835060
618568613
597128434
539623859
121334374
83799306
444219103
607964738
951430281
594567690
168984536
695490698
934240620
128331025
636663082
771663943
633085063
319709387
282331158
702840658
392942522
316753214
154939588
390067309
371020052
-48
948621682
-28
79393215
257796164
139672234
807430158
129195212
275282626
914459706
145088036
490958633
417719632
-225
907249775
218546744
78725024
93020884
29815800
-54
234110858
906792068
52876963
210981391
751609591
928010914
157555468
770876560
878050178
284797460
937793007
600605005
754119766
390224532
319193127
689199856
-30
11054030
315081637
581353501
339694809
240537441
102690176
120402083
207761741
767782495
584063004
807205473
876443943
185677777
699944003
742209780
632871738
372131195
641888595
688484555
525737267
662976776
219888835
377716687
69557248
917983848
912047967
-334
835662359
-267
699888729
580364633
453437429
403094419
579563382
223669111
805507338
875700933
833280
641214062
406270221
209823882
336678818
371970520
163391468
643894997
408487152
503730
610826220
368177307
439737542
406549741
-207
398782553
385617932
-125
-105
959465861
432805424
12863665
166790867
807855648
658716251
72053879
92344692
689494776
596982384
503242116
-300
831433180
844669687
981613402
634209463
63523669
669934818
-13
978153774
-333
-329
421833631
6893144
747711188
403980363
905186676
32167309
595449783
133449664
20088479
192200414
539175440
-54
751935338
666104106
581644345
189425141
97571275
684598754
-260
665949586
359930711
832561319
609786373
295419682
849599999
75036547
610041972
730421368
-285
-128
98543957
595330952
674979417
123710632
25819557
467511183
955061376
920641534
152794271
51137738
194700887
770013433
390107919
735774743
88711799
29706205
915440601
435782850
676513883
285621569
290226953
-103
252464749
653786269
66556363
943733235
284893236
702994636
777266556
505995123
846978458
90966822
171594709
219739908
704552245
-432
438676003
922774558
412150950
982483288
560207176
623534128
933347876
531567643
698233855
330946308
887997541
884861565
906680827
292007313
249968572
715348287
968456171
921522184
122426573
166300367
173429550
259302756
785481216
622974836
409686962
658726465
165625650
672129605
390094386
505948377
505382700
924890614
945160213
468995965
534534923
44257348
781539473
239105888
89241402
281684379
449504734
-92
-262
-102
900052101
540558453
813182057
119240703
760594106
339369801
265353622
389821048
222292464
200202777
826541117
309255766
987585753
469697393
105679270
965350654
329972376
594769488
707948962
600888383
680092564
97019932
476539702
879561440
975086479
32698168
878420142
262333267
301267198
-232
771053333
-298
717338089
-473
-451
812650004
10225526
606735396
789692406
291915652
172217840
819662825
321742005
65239876
493030730
972961635
324444384
693584129
770699268
-79
272662595
73874762
192840524
978179096
837043873
397025735
414457311
785618563
969245134
164189724
730994430
573219824
223533504
834429923
-303
734850938
84833239
700819982
182249101
290329709
599425237
797858752
717522547
7956773
107726602
587883983
421772490
95441330
873773498
436255513
700291305
980904341
975128279
708125539
-408
797909978
89132697
167968325
388629645
-441
909295817
-199
-26
913872468
161853810
376899121
125256701
459954271
440862826
137434916
295636027
706440428
-153
631694128
224271231
974276133
976750712
233747486
601504460
743521100
343539300
382585835
106373957
984073475
106931261
779576117
829837569
336309839
646350683
-130
-496
626813740
566946315
572786876
802082965
-95
298067432
130672718
-96
542044276
246345745
55359366
595517424
412969624
912477902
524702339
273356243
787090418
228720134
119808937
944565788
703959292
487381386
840922425
958036110
482430023
379233406
637299518
169719140
174012816
-88
143000714
665227400
778687088
519772749
192753643
-401
-94
609639806
349402270
598537387
825388899
732418500
150708189
958311230
609931624
623268604
699333172
919069241
637119931
86121242
707380132
-624
-260
166342032
141673784
987193362
-416
70925063
524066189
320503701
988958309
-136
577159561
-647
472318153
246787818
852146099
260520863
188875371
811927701
-187
963479786
399837668
901113281
761065165
790980611
968112866
-697
317577618
844214386
42807742
128706077
415458484
835320592
89864774
-615
718830367
677490500
986581323
-228
923993563
-237
601874121
521686506
736625033
28718483
927435001
981356701
810109472
71137578
566767020
656984037
-514
326236452
920906777
896663999
238356663
691052828
506574072
851864981
723673434
400807725
571198869
847926981
867790052
178524871
227335574
826904394
613911908
-255
46314790
213140870
363159454
177741017
935949144
42006738
143988386
282574039
-579
651805782
140731364
-375
870929570
888883023
542412009
131030834
-428
607300731
54357499
626615092
379210590
96735552
367913491
873272887
754080493
55218372
79897985
-762
538272926
89196727
613957876
713588504
222487962
742962568
-553
140801641
826325328
689266443
854055663
968266456
499438050
757073899
197745726
865801394
894997096
-133
146831274
931394407
642412853
971618203
366098721
877443836
591515560
683444400
410262881
600282485
543150424
521563300
936319513
905010298
120772196
269373538
313046639
393632123
205946747
829914481
790607751
459892006
99341869
54925046
661971521
-314
689829091
75726872
302908320
182483460
-806
444370301
48731757
113470881
243599681
157368733
734106172
9107638
965365316
-83
673606314
608563917
613558718
915365414
11942457
750637921
142271003
720455554
385271008
686835857
642972510
98477461
608425192
125944809
419145941
-507
535371818
358966948
667017094
462787976
948829967
54340161
630658204
941085755
848041822
175029884
547440323
857703286
986501002
32891200
150624366
161272228
157329312
913519274
781238919
771658420
879974741
235129474
220767516
64405625
393029008
657738732
66262780
692766494
923532387
46506431
834595408
784007399
632861505
682507035
691996305
646783139
-391
114771339
867765028
-260
846578393
-429
16896688
944656482
345382697
286236501
914626911
794243865
193131906
674685109
629342606
953390545
810478824
871969618
28842006
317858072
668895921
610066920
413208424
455576358
-722
385680129
757183079
8673026
145616784
356071579
471776203
161362273
878681706
132801229
159589286
549189923
715093865
545445586
129655342
931345456
99239437
170822423
93960045
286957186
335524975
-126
-181
500034387
708046808
301505154
673309662
-52
425999539
971019771
299565026
177418765
595176621
883463976
831585171
581428878
486355068
-540
452471813
-328
-371
858910291
213360608
236280024
-525
306604682
397406712
504769526
893299257
768963222
212697466
369232750
176661505
153750075
392661989
463702541
365063972
327396759
405316527
807755097
363895724
990431509
382804714
56521606
62414208
30925914
317635942
158547613
782742817
253195634
597572308
505365848
539713191
919828944
231263582
477032628
550128759
851761075
855879620
10217506
718886970
323011735
280340368
953415726
194288945
693148850
678208388
